MOVE GEN: 31910465
SORT: 11080542
TOTAL: 43221641
MOVE GEN: 18841214
SORT: 2874911
TOTAL: 22427685
MOVE GEN: 61521227
SORT: 47609884
TOTAL: 109354228
MOVE GEN: 165743235
SORT: 157774172
TOTAL: 324246542
MOVE GEN: 39020832
SORT: 19201630
TOTAL: 58881133
MOVE GEN: 40199784
SORT: 12077051
TOTAL: 52915701
MOVE GEN: 78023691
SORT: 13423705
TOTAL: 91867776
MOVE GEN: 24438164
SORT: 4335563
TOTAL: 29294379
MOVE GEN: 21314483
SORT: 6083052
TOTAL: 28008333
MOVE GEN: 17688133
SORT: 11455711
TOTAL: 29594858
MOVE GEN: 12679947
SORT: 8015223
TOTAL: 21111999
41910176
19339461
61566624

49939828
22312112
72980954

62748386
22138067
85607373

35325532
11478854
47506256

140264066
2640126
143490168

40656127
5650461
46957168

20389546
4742100
25653527

14720495
3443162
18548879

10631289
2229711
13412891

15189672
2896790
18619800

17762173
3875318
22086478

22144857
7702331
30209952

5762516
2679691
8799565

65075821
21982729
87441860

5410736
3983415
2941549516

9372562
9631498
3692547747

10843469
6036009
3393936631

14615228
12277657
6476781487

19954183
7096309
5651449694

9854459
1826085
4702044042

29262729
11556508
9962391329

15541909
12061760
7719632251

6848368
5241391
5902617719

11254016
13074307
6844215664

42035537
23345102
10443579244

22998361
13374156
9187773530

